case,event_bus,samples,absolute_error_scaling_exponent,relative_error_scaling_exponent,minimum_amplitude,maximum_amplitude
ExpK_nominal,16,3,1.561283329894783,0.561283329894783,1e-05,0.001
